10000
-617
886
2777
6915
-2207
8335
-4614
-9508
6649
-8579
-7638
27
-1310
-9941
7763
3926
-9460
-6574
-828
5736
-4789
5368
-7433
6429
-4218
-8470
-7138
-4877
4067
-6865
3929
9802
4022
-6942
3069
8167
-8607
8456
5011
8042
6229
7373
-5579
-5081
3784
8537
5198
4324
8315
-5630
-3587
-6474
6091
-1020
9956
-8127
-3138
9170
-3004
7281
-7695
-9075
7084
6327
-9664
-3495
846
-8271
-8687
-4143
6124
3895
9582
-9455
8814
3367
5434
364
-5957
3750
1087
-3192
7276
-2822
5788
3584
-4597
-7349
2754
2399
9932
5060
-324
3368
-2261
12
6226
8586
-1906
7539
-9205
-9430
1434
-9622
7467
-3399
97
2902
3317
492
-3348
-9244
7301
-9720
-5714
-559
3865
-311
-1556
-3381
8440
-5271
8031
-1883
8097
-4229
4481
675
-9291
8927
-5433
7856
9497
2353
4586
6965
5306
-5317
-3781
-1376
1528
2871
-4268
-1171
-497
19
8270
-6632
9708
-3285
-3660
8149
-2204
-9277
-7382
-7755
-7154
3451
2921
-6445
2379
7488
7764
-1772
-159
2350
-4807
-8500
7034
-2236
124
-5086
6987
5856
3743
-3509
-7773
-1635
-141
-8064
1432
2551
6437
9228
3275
5407
-8526
6121
-1142
4395
6029
-8763
-1765
3793
-4182
4428
-3857
1011
5928
9529
8776
-7596
-5557
5763
4613
4538
8606
6840
-7096
-5182
5128
688
7369
-2083
-83
-3004
-6676
-2257
9470
2183
8490
5499
-228
-3275
-4356
5590
7505
-1861
-7046
-214
-2331
8082
-1458
-1536
197
9507
9355
-1196
6348
8611
3622
-2172
-701
-2657
5746
5568
4340
5422
-6689
3810
-2395
-8199
-4339
3730
-5122
1305
-680
8736
9444
-1374
-1478
-6535
-3292
3416
-1718
3258
2924
-2363
-7938
-4376
-7400
2036
3452
1899
9379
-4450
-2532
71
-9027
-2869
-6119
-5070
-1067
-4106
8660
163
7199
-2019
-1101
2996
2959
3773
2813
9668
-2810
-8905
2926
6466
-4916
1340
-7910
-2316
-6624
5542
5936
9107
7445
9756
-821
8418
-3113
-588
-6652
2172
1659
-7991
-7664
-4790
-3658
-2413
8206
9301
7713
-2628
5321
-8745
-5181
-5401
7721
-96
5939
9811
3940
5667
1705
-3772
1127
-850
-4016
6658
-6080
-776
-7578
-2731
-8604
4081
-4370
-9916
9292
1972
-2328
3850
-2375
-4615
-8778
9299
-3360
-3958
-6102
-9287
2298
6190
-9476
-7410
-1791
-1419
-1181
9336
7732
1155
5994
8004
-9621
4769
-4727
-8224
-1150
-2745
-8140
-1858
5579
-4116
-8007
-6795
-2379
9567
-7496
613
-8039
-7246
1326
4259
8944
-1798
3202
-6494
6784
-7979
-7158
868
-472
5189
-1128
-92
-42
498
-1964
8808
7753
-3752
-6697
3333
2133
-8352
2890
9754
7567
1746
368
9529
4500
8046
3788
-203
-3751
-3010
3303
-6967
-4637
2497
253
4892
-2314
9125
-8848
3996
-4025
-812
-843
-6271
5436
2460
3414
-6079
460
-3696
-9972
-1973
8050
-3252
-2444
-1098
-5206
7697
8699
1043
-8961
2002
428
-3597
-5500
-9319
7647
-1462
6159
5151
-7465
-7866
-5661
1692
-7785
6127
-9496
5629
-9951
964
8285
6429
5343
6335
-6823
-7100
-4762
-2029
6949
-9711
5367
7988
2292
-4205
-9257
3144
-7171
8390
-8318
5340
3541
-9431
3826
4232
2261
6042
360
-883
-1977
-3239
-9919
-3691
-6810
5425
8996
-3633
4677
-5766
690
1626
-5476
-3943
-386
3168
-1795
358
-3688
-2614
-4900
-5654
-7274
4994
-5084
6552
-4422
3529
-1054
2290
-7353
6970
9051
9080
9631
8593
857
8627
-8688
-8114
9214
-1645
3512
-9910
4412
9479
-390
8969
-3811
2274
-3645
-2359
6620
-4567
8987
7888
8338
-5434
-2230
-2716
6856
417
-9394
2260
-4151
-9763
-2795
3059
5217
-1482
4945
783
6873
-1542
873
-2363
-5711
-9517
-3393
478
2757
-686
4471
-4271
1100
3459
-6382
-562
8025
1388
3074
1233
8157
3681
-6507
-9642
270
699
3417
-8161
5569
-1637
2622
-1206
3173
9847
6431
7462
6682
9390
-5708
-4209
-4943
5115
1521
6157
-1426
1491
-8053
-7049
9231
5021
537
3740
-4946
4030
4098
5325
-8919
-2484
3516
3002
2231
-3861
-8204
-4596
-7662
4580
9218
9021
3970
9862
-5188
5379
4977
2685
1536
9904
-5824
3483
9207
9759
-5143
-256
3499
-89
-9873
-6050
-4764
7560
-2182
5105
563
-9951
-8756
-1289
-8195
9934
-6709
7375
8955
3614
3589
-6232
-1007
-5082
2805
6882
-5178
6982
-3283
-5970
3093
1574
126
-3407
-8514
253
543
-6926
-2186
4713
8179
8377
4762
5775
-2912
2919
5710
-3268
294
1017
-9654
-9765
1137
-4309
-4847
-6057
-7427
-3672
-9075
-709
-3290
4018
7217
6836
6963
5055
-2910
-6142
8130
4904
8571
2661
-367
-315
-5211
3073
-7396
6851
9805
-750
-2132
6503
-515
9006
-7805
4639
-7051
-8880
-9033
-9774
-3237
-2323
596
-6019
-9135
-2440
9036
-2045
-2230
3518
9211
-3658
-7468
-4804
2379
-2679
8270
4984
-5828
4427
-5766
2040
-2717
72
-2602
-4170
-8937
347
-3050
-7970
573
3714
-3941
7522
4047
-3076
-4918
-565
1232
-796
-7046
443
1898
-4514
5640
-5722
-841
262
9262
-317
-8959
9848
-8277
-1676
-3728
-878
4154
-2665
5821
7457
-635
-7253
1171
1776
-9731
-4782
8701
-8297
4653
-67
907
3959
6728
-7194
5797
-1280
-2916
-8692
5334
-7302
991
6376
8898
2715
-8948
-4829
8189
1559
2506
4010
-984
8224
3109
6539
0
3378
8109
-4947
5081
-886
1338
-4011
9426
-1933
-4853
5223
6787
2231
6532
2122
1281
-6125
-5150
179
6590
-7746
5350
1131
3813
-2143
-8506
9181
-3919
4603
5720
2433
-2018
181
7487
9415
9296
-1175
-4596
8722
6892
551
297
32
9134
-6819
8506
415
-2943
9708
-9405
9999
-8038
2297
-2517
5776
-9846
-1023
1309
-7413
9932
-6618
5021
-5734
3563
-1140
-6318
-789
7685
-914
-5715
930
5990
4583
7314
1476
4116
5820
-8108
7525
5528
8839
7525
7490
1136
-8640
-382
-2357
337
-9072
-3418
-3379
-5690
7955
888
4225
-3185
4570
-6563
-9147
-9992
-2278
1783
2350
8657
-903
-6173
-874
-8731
-7929
-3349
3149
-9090
-9472
639
-1602
-8112
6610
2393
-1423
3890
8976
5199
4552
6931
-3913
-1223
-9901
-9343
-1434
-9048
7017
2641
2735
-632
1298
8184
3195
6776
5805
5266
-6572
-1046
2528
-9692
9593
7278
-7803
2555
-328
774
-3555
-5000
-7675
-9003
8283
-1588
-3873
8382
-4579
4693
9334
-7561
-2666
-1579
-1841
4985
-7043
-8646
1761
8762
2972
1541
-2284
-8148
1850
-6338
5482
399
6217
-4846
-8827
9015
-3494
9851
6364
-5210
-1737
-7509
-6828
37
3537
8859
-1172
-9129
-2720
6987
5856
-3410
8341
-6030
-4648
-2335
5511
3069
-483
-2639
3083
-8649
4112
-700
-3494
1638
-5333
-636
1489
-8968
4154
6104
9875
3679
-3859
3412
2538
4969
636
6170
1956
-7156
-7240
-3351
-3186
-5535
4314
-7674
3886
-9817
-3961
-3031
-8465
-9848
2621
-5607
1790
7289
109
9631
4673
-5736
5735
4548
4295
-8123
-5687
-3167
3198
4949
9355
-4845
7793
8468
-1844
-9040
-7067
8823
-6714
3171
5358
-4323
-9860
3245
-7819
2761
3990
323
50
-5900
-46
-8925
-1636
-7958
5624
-7341
-6081
6289
-4156
3469
1238
-8449
4976
-4617
-9981
-6867
-3657
9304
-8044
-4019
2475
3666
-1989
-1033
-3088
192
-8271
-9098
6868
-1869
-4998
-6826
-793
-282
-4784
-8817
2377
-4513
7472
4573
8957
-4938
6125
3933
-3203
2496
3418
3141
-1847
1726
5474
6980
-4607
-6515
-4052
2305
30
-5971
-441
-3102
2160
4562
-3576
7719
-5720
1641
8902
3010
3480
2726
-2417
-1211
4140
-6292
-7277
-9062
2557
2493
431
-9290
-5780
-4095
7690
-387
-609
-6362
8270
9421
-2333
-2171
-7329
6180
8743
-905
3899
-6976
7088
-846
2386
569
8232
9969
5710
2373
-9970
8433
-337
2587
-2721
-9906
-351
1499
-7649
-2661
7464
1742
-2670
2086
-2485
1349
9915
186
-6119
5011
5634
4133
4387
2722
-6713
-3227
9643
-8481
-3258
5354
244
-6876
139
6259
2063
7418
6353
-8288
-4731
8705
-4596
-7267
-3201
2734
4819
4315
-9565
1087
-9147
-9331
-7550
6487
4802
6837
-4438
8089
-6390
-4795
5960
-3296
6911
-7443
-171
-6597
8816
-8108
-9179
1522
-6395
-7557
-3421
-4639
-8472
3378
4447
2700
-5955
4882
-6213
-5101
5551
-7411
-8614
353
9426
-3052
-5206
-6964
-1494
7107
-3908
-4583
9664
5921
-1180
8480
4166
-4006
-3646
4123
-1563
2933
9484
-3683
-3688
3931
9017
-3291
-4835
9156
1608
7069
-8255
2995
-2578
-8829
6295
-1431
-9441
-5199
-4324
-3348
-3429
-4660
8925
1743
-9828
3091
4089
-3473
-6434
8878
5812
-6950
-4804
-7876
3333
-5787
-4814
8499
-6630
6794
5568
-4885
-3859
9342
-7361
-7563
-5737
-6802
-6410
-61
-3798
-3487
1631
-4872
8257
1804
4571
2346
4683
8138
1225
495
7540
6421
-1028
-2774
-9366
4158
-4275
-9644
952
7645
-4528
3446
3339
-1889
5883
7603
-2339
5825
-2458
216
-7661
9174
5344
-9404
-2670
-3733
-706
-7987
-9243
-9481
-1140
4650
3292
7832
-8124
279
1990
-6047
635
9295
-8402
6107
2741
4937
-9430
-5024
2540
-5416
-9199
-9917
4800
9492
5609
-3504
6440
-7061
2763
-4265
-8696
-127
-7394
164
-5477
2251
-5651
-7249
-7470
6339
-3296
3165
1986
-1698
-4375
-8921
9591
-7453
-7593
-1516
-2869
9561
-5081
-8069
9053
-9472
-1573
5494
9819
7543
7581
-8877
-6232
-9813
-2361
-5357
2438
1988
-2606
1320
-5320
4098
-5514
3018
8752
-3537
4098
4695
-990
6505
-6821
6142
6066
-1902
4425
1472
-5022
-7147
-3034
-5203
6748
-5453
-7728
-9484
-8914
-88
-4841
-123
-8100
2553
-8803
-7068
-6997
-7965
5951
8107
-1502
49
-846
3861
-7094
2334
3
5325
6784
-5572
-3203
-8237
-6367
115
-3440
-9619
1014
-4815
-9103
2100
5097
-7592
8329
3349
1313
5879
2634
4316
7914
-1415
-1225
-7235
4986
7930
6626
7892
-3384
-3371
-431
9752
-2591
6366
-8485
-2605
-7167
-5572
-2224
3847
-387
-4974
-7700
-8938
-6214
-9371
763
5100
6508
-6603
-584
775
1982
4544
3540
-6680
-1174
-3482
7565
1794
-501
-2866
1546
6908
9853
3062
-5697
-7314
3842
-1568
6534
9807
-190
8834
-9131
3596
5815
-2016
-1304
2324
1382
4465
9451
9716
-4639
-657
-6963
4187
5861
-9398
-4019
-4640
-5912
3879
8620
-6059
-6707
-7076
-3372
7135
-2292
-6838
6942
3870
-8004
4163
-2534
7811
8500
2515
-3513
-3766
-6668
-7710
-4050
-1307
1633
-4661
-7120
-2506
-7707
-4787
2854
-3618
5444
1475
323
8738
751
6951
5873
4811
6465
-832
-1319
4813
9683
2499
-1023
4535
-4986
5464
-9231
-1654
4107
-6928
3391
-4260
-1589
2623
-413
-2943
7836
8793
3439
3281
-3380
-9886
-1629
7371
3418
-9404
-1466
-117
-236
3567
-5303
-4200
-3933
3674
-9665
-2567
-4510
7457
2132
5949
-9471
-4477
-8310
-4708
8147
-2371
2349
2335
-3578
-7860
-8032
3043
-7745
339
-3234
2025
936
1653
8260
7052
-4780
-7043
9204
1287
2983
9540
8721
4826
6997
-2795
-2873
3878
2728
-4831
9170
-2773
2798
1520
9563
9221
3660
7883
-1384
2267
-1777
5382
-5708
5511
-2965
-7447
2563
-1392
-8138
1768
9895
1198
-2340
4968
-7624
-8991
-7827
-497
4887
1254
4673
4057
8481
-6177
-8071
4396
-6956
1942
2280
-1988
-5791
6855
9747
-5146
2366
-6866
-6241
-8719
1742
-8027
-599
1638
3171
3413
-7042
1899
4422
-8516
7755
-4339
-910
-1220
6071
-6077
2603
8000
8320
2000
-58
-3048
-9988
504
-6193
9759
5358
2525
-7106
9117
158
4636
-8910
9560
-7374
614
2973
-8063
8865
-6252
-6579
6620
-591
-1137
-4600
-8168
2786
8004
9833
-2542
-3644
-3873
4410
-3632
6631
4569
-3872
-1659
-6554
-4626
-2542
3605
-9990
-5099
3165
8989
1867
-7510
-9074
732
-3762
-9301
-6295
2000
-438
-4543
3832
-7652
-6539
17
-193
-3831
2497
-9431
2538
-872
5139
5018
7470
8585
-9608
-8720
-1458
6754
-7467
-8293
5743
4400
-9450
3021
-8515
-3212
3720
-4810
5140
9634
647
-4675
-8017
461
1694
-1858
6630
-5809
-4937
-4480
3320
6554
-9462
-2858
1492
-9070
-1578
-9966
7685
-2692
8094
-220
-8292
8644
-7198
9545
-8216
6522
-8913
6925
6157
1735
8602
4492
8548
296
8986
1530
840
-5951
7051
-9488
6956
7589
-2346
-1552
4872
2428
-1518
2557
6088
-3424
-7663
7797
-4780
-4861
3694
-2995
8014
4782
-9718
523
-7131
5236
-4985
-8583
-8116
-9647
-701
2724
-9246
-3650
3236
7710
-9708
7242
-3842
5164
-3977
4641
-2279
-7889
7569
-3590
6260
-7210
-2098
-45
-3853
-4084
-8911
-7219
6439
-6042
8017
7806
-4625
9901
4511
4674
-1022
5265
7377
8566
2976
7669
2161
9134
2833
4536
127
6906
2999
-2303
-6684
-740
-3161
-2430
5567
2986
3486
3008
5767
-3723
6966
136
-9565
8693
37
4946
-281
5367
212
-2904
3934
9540
-8883
-3905
8674
3950
-9369
-1198
-2792
3630
2851
525
9242
9690
4447
1161
2676
-2066
-5831
-5205
563
-8865
4931
-2649
6180
-8680
-7703
-4100
6688
-1139
2996
-3026
-1599
4114
3069
-6572
-5584
52
-1418
1625
-6318
-8567
8502
9277
-8877
2949
-3210
151
7235
960
4946
-2201
-1553
-3771
1502
-5372
-2451
3799
528
-9411
9013
9876
-2437
-6234
3990
6984
-2806
4759
-2964
5776
-3616
-2929
7209
-8762
-7300
4684
539
-510
-5165
-2225
-9550
9781
1926
-4750
-7638
-6572
-122
-3736
3579
6758
-3147
-1056
6634
769
2711
-3023
-5895
6257
-8264
1142
2034
-5528
4565
-4405
-4290
7265
6632
6249
-6893
-8533
-9624
-6442
7601
2302
-4840
9963
2082
5038
-3773
-7986
1796
-567
958
-1570
6554
-6331
5407
-9341
9927
3495
1801
-1687
7967
-7282
260
-9971
6335
-3108
2631
9443
-5288
3007
9353
-7687
-8338
-5487
8628
96
9551
-5144
2110
-2301
641
-6931
2481
-2805
-6910
-2111
-2146
9369
7736
6008
-2318
5704
8726
4295
5733
1414
-8813
-1636
857
-7749
7724
210
-5436
5738
4723
-6807
-4166
626
-5599
7945
8325
1394
7366
806
8589
-9544
5047
-7205
9826
2784
8803
-6140
-5160
3882
8155
-9427
-8352
5695
-4710
2505
7946
9366
9067
8863
5104
3790
8408
7290
-9232
9161
5235
9093
555
2601
-3749
-856
-590
7651
-1709
-4412
435
-6553
-552
5275
3681
-6044
2200
5329
9651
3842
-2166
3949
-440
-3099
-836
-5336
7043
-2428
-8045
7811
-3267
3542
3256
3640
-7504
5859
9136
-1742
3510
-2572
3846
-9703
875
-6706
1924
-5444
-2750
-5875
9885
-6747
4319
-5929
3555
-6120
-2676
-7281
-5104
-5633
-3356
-6797
8530
-271
6746
1786
-6630
5594
-2355
8858
-6148
7508
-3714
7698
7805
3513
7344
-270
4421
-9053
207
658
-5800
-9122
4729
4107
-5242
-7947
3179
-3993
-7228
6175
-790
-8698
-4096
-7692
-560
-4374
7902
7086
-5515
8106
946
-2877
5804
-1249
-9363
-499
4833
1410
448
-8608
-7931
1000
-7729
3150
-4892
-6619
1556
8287
-612
4328
4462
4951
1983
6718
7259
-8577
-7655
1514
4861
-6818
-4028
-4193
-3343
8129
911
-2706
-2370
-4256
5057
8078
-2863
7126
-922
-4240
-3372
4186
-859
8184
-1175
4882
-1135
9639
-167
-9152
6358
-6556
8623
5055
1310
3485
4589
7283
5644
-8754
5412
-3445
-5107
-6958
2300
9950
-8880
5789
3428
-3450
-8451
-9944
-9263
-2958
8241
-4086
-8076
-6542
-4446
-1891
-9342
8264
1554
9281
3319
9216
-882
-5740
6499
-5237
-4494
-1737
1318
399
1305
9970
-3299
-1223
2111
-9871
5328
12
-9814
2417
7055
4779
4683
8979
4589
-9763
-2911
5247
4853
4995
880
-5476
4211
9999
-1216
711
-8886
643
5326
-1216
-8958
-3368
-4893
-5904
1761
7218
-5775
-6559
-2769
-9237
2210
-5714
1894
-3106
9617
-7165
-6517
-6942
8082
8337
8053
-4685
9213
-1383
-4686
-2002
5680
-7220
8641
1006
1564
6035
7638
3023
-9869
-4248
242
-9291
-4455
3825
7824
7756
4463
-3929
-8998
4080
-1094
-5515
3491
-3011
9174
1544
-1344
8388
-9839
3970
-7262
5841
3102
-8621
-3152
-8982
3766
-9162
4042
250
-7058
-5716
959
-1512
4461
-4865
-7404
-1076
1206
-6402
9356
-9887
-5565
2847
-6546
9962
-9256
2110
4702
7257
-7568
7440
-549
1886
5171
6299
2904
-4711
3489
-3054
5539
2784
-2418
-7150
-8728
-7957
-2014
-6132
-2681
9192
-6182
-3324
5657
-1747
5875
5463
-1785
6619
-6075
9269
3877
-7291
6709
9680
4595
-1768
2331
-2500
3522
-4180
4446
-4587
4956
-7971
-1736
6228
-9576
6250
6448
-2256
1794
6618
772
-6196
-5128
-3353
9267
-561
9619
-6807
-1291
-152
-7746
-8230
-472
6850
-3645
-8141
-5650
6229
-5969
5148
-8358
8988
7177
-94
1568
3954
-7492
-5631
-8302
4303
-9013
2470
8107
-7789
5469
3726
-1997
1440
3271
3064
-8712
5526
1186
816
2376
7541
-973
3078
122
3059
-1774
1765
-1601
-4596
8023
9967
9358
-9468
-9312
7408
1187
-8324
-3770
-706
-9761
8051
9372
-1758
-508
2644
-8694
780
-5478
2493
7949
6898
-3614
-6672
-24
6509
6387
8202
-5374
-8862
9958
-7351
7458
5668
-6819
8146
-572
720
6174
5658
-9986
6414
62
5739
-5344
9554
-5265
-7685
334
-743
1160
-5365
-7493
7546
-2036
2483
4055
-9297
-2963
5033
-8158
-6652
7683
9300
5368
7216
7446
-8851
-2063
3621
3159
-5697
-3613
-6779
-9958
1043
-7225
-5223
-290
-538
386
-9130
4097
2893
8417
-7939
-8272
-1176
9117
-1234
-6142
-9041
-1534
7893
-9741
-9814
5109
4057
-8665
-6954
-5970
4495
-6298
417
7716
-9904
7813
-9508
-5126
-2477
-3694
5260
-1606
-9597
-5494
-6837
8817
-3766
-1661
7934
1352
-1451
8893
9818
-3558
5504
-9995
7904
-4087
7692
7302
-56
2187
-8996
-9639
-3744
-8899
4526
-3252
-7673
-7950
3054
3939
-3204
-191
8445
-3689
-1374
-5320
1002
-7088
6032
9552
8157
2203
-7654
3661
-1440
-9750
5927
-3748
7553
-4129
8440
8557
-7416
-8952
6010
7111
-5852
8337
5513
3554
2277
8661
-6637
-2926
-8676
-1658
1754
2326
1254
-5861
1878
-4236
6342
4225
5777
-5098
827
1704
1154
-1620
7575
-4054
-6710
-9840
-3006
9300
3623
1142
3990
-4512
-5304
-7381
-5851
-5588
-307
-8175
2754
-8552
4151
-9640
-4413
-7618
-3876
-8071
2959
-8098
-6817
-6214
3606
4337
2167
-2466
6636
1809
-5954
-6370
1109
7669
1125
-8549
-6843
2173
-5930
-6342
6585
3764
-4517
-661
1564
5986
-3948
3503
8368
2176
5432
1327
430
4967
1466
-5963
-696
-6367
1571
-7708
1794
5617
-7725
9255
-362
3400
-9293
-853
-4427
-5223
-843
-7841
4893
992
-2150
-3543
-3022
3902
9960
-4653
-7569
1744
3026
2861
-3289
-5508
6898
2368
-5523
-5179
4660
6271
6790
3287
1879
-7220
-3313
2586
-1721
-1387
7363
7436
-2876
-1391
-1572
4974
5066
1759
-4771
5027
3458
-2340
-3229
-3516
6873
-165
-2671
124
-7797
-1842
4945
3215
-9218
-1912
-3497
2661
868
-458
-4753
5500
8155
8962
2936
-8369
-2429
7717
2958
-7362
-524
8187
4017
-7066
-7801
7140
-4230
9072
-6673
-549
-804
-8118
7610
-9506
5098
8392
-1418
7953
1053
5802
-6153
2652
-2346
8355
1614
-9409
9986
5538
4660
2944
4528
-9512
-2517
-1455
-6578
-3966
-7963
-4456
-4893
-4635
4996
655
-2753
2606
1149
8697
-2650
6083
3002
8403
-1762
6850
1055
5892
5205
9021
2835
5191
911
-2505
-5512
-4561
-2017
-1677
336
-2243
4358
-1274
3302
9465
4091
-5350
120
7690
3608
7622
6388
-9042
57
-610
9361
8295
-3760
-3232
540
7797
-7859
-6625
-659
3053
-2777
3829
4844
1558
-7848
-8467
9316
6510
259
-1030
2327
-5650
-28
8800
-7960
-6420
2774
4780
-5462
-7169
-5829
-6101
7479
-3237
-2981
-1981
-5439
-4488
-2254
254
4917
4969
-5917
-238
-3472
-7413
1295
-7804
5450
-8446
1166
-5871
-7744
-8862
-7071
-5704
-5282
2055
5429
-4392
4887
9600
-493
-1282
-7285
2878
6737
-6372
8390
-9165
3882
3308
5805
4317
9422
8685
3257
-2931
-9119
-1293
-1377
-1601
2836
879
-4111
2118
1527
607
-5827
-3044
6215
5412
-7092
-7926
-5870
-8024
1304
7219
-8044
-3954
8055
5839
5706
212
-3492
5128
-1103
9765
-7803
-3870
-1528
-2828
4529
7661
4403
-9582
-3869
-7717
-2623
-3344
-4409
9944
-7931
-5148
8370
-7449
-3172
-3974
6123
-1216
2072
530
-9025
-2221
7094
-2516
9259
-4009
-2751
7809
-1527
2074
-5019
-6998
-265
5737
9772
5866
8020
-6499
8874
-6389
-6555
-9057
-5185
8167
9847
1643
-5807
2322
6780
2617
9204
4107
-9604
6298
-8409
6008
-7711
-4807
3817
762
7267
5150
116
-6646
887
-3760
5572
-4741
-259
4446
-4777
-462
1742
38
-2295
1589
-8318
-1750
-9737
4814
-9133
9467
-1079
7616
5765
-3135
3624
4406
2058
-2559
-8480
-675
-7409
-2012
2679
-169
4228
-1749
5090
-6031
-7303
-9687
-141
791
352
3916
8732
-1614
-7834
8995
-6800
9385
4814
-1527
7001
579
5338
-3023
-8663
-2604
4418
-7143
3073
3362
845
-7896
-6807
-8575
-3293
4635
-8254
-595
4949
1605
6548
-8347
-8127
5281
39
-5961
4276
-409
9777
-909
8064
3130
6022
-245
-9892
7360
7151
4526
6569
-3423
-5760
-2585
-1319
-2567
-4808
5389
-7931
-3061
-8854
3370
4896
7694
5023
6770
2975
-8586
7161
-6396
1005
6938
2695
-4579
69
-4931
5176
177
-7571
-1320
-8945
8999
5257
-4704
-7234
-6062
-919
-2042
5679
-2498
1249
6825
7224
-3854
872
2247
-7084
-6153
3661
-9923
-2549
-8982
7016
6498
-3560
-6563
-8432
-8384
-34
-9651
296
1021
9348
-8095
2669
8466
-7804
-8249
-7223
7875
-4395
4026
1053
-7170
-9828
-8075
1429
-6912
-4228
-8557
9518
-424
-7539
2886
-7574
-1099
6323
-6006
-3130
-3711
-9304
3518
3662
6396
5424
-3668
4863
7620
-5565
7640
1847
-3608
-1982
-7100
-778
-5457
-5175
7004
-6017
-3050
8447
-6499
2878
-9092
6387
5304
-3838
-938
5651
3032
5351
6347
-7098
-4634
2743
8326
-1950
-6042
2298
-1163
7950
-9502
5229
-4031
-6602
-9196
512
-5424
7808
847
-2122
6255
4349
7108
7163
736
-1236
9677
6151
-5585
2709
-2146
7114
5612
3220
-3790
290
-8730
168
8941
107
-5529
9439
-8311
440
9189
-7507
7304
-9883
6653
-1849
-5653
2908
8852
-8545
-3577
-4059
-3428
-3899
-7908
-2661
5162
-54
-5546
-2874
9519
-2984
3769
-9211
7184
2710
-2751
-8345
-1499
-4710
-1553
-5958
-2217
-7897
-9488
-9212
-3393
-8789
3696
-8189
9019
6471
-2248
-4409
8924
-3804
2930
4087
6143
3736
7565
5662
-9248
1334
2803
4289
-9604
6404
2296
-1103
-8306
7096
-708
-4171
9199
-3844
-3383
-7842
-2633
6665
-9678
-3614
3137
-1926
1977
2061
4271
-5092
-7500
-3234
4996
-9934
8780
5749
1400
-2065
38
1797
-5660
-7666
7046
-7614
9430
-7310
-1784
4982
-1154
1185
3492
6214
-2149
3814
8952
7340
8241
930
-4247
-1136
2190
-1746
5630
-2814
-5328
762
9287
6072
8697
-675
-5779
9389
1660
7620
-8224
-2558
-9690
-8
-7576
-4491
7529
2269
8075
-4620
-3917
7027
-7280
-5676
-5691
-1526
3188
6499
3080
-4830
-9962
7752
5932
9325
176
982
-1349
4398
371
6663
-1630
2147
-9543
-4968
8491
9234
541
6021
1503
-1384
7753
3938
-8004
6826
8263
-3695
-8348
-2197
9157
4732
-674
9195
-1164
-4742
8520
9012
2592
-6477
-238
-7036
6538
8132
1463
3348
-6835
-3693
2582
58
-7672
-9563
5027
6433
4375
7023
3259
-1010
-6672
4911
3146
-7515
-4005
-7528
8032
4831
-5918
2905
196
6675
6428
9958
9639
-681
4443
-2546
-7333
3960
3761
1601
-9630
2441
2038
5397
-1125
-3587
2420
8486
1756
2101
3398
-5098
938
5745
-2626
-4677
-3071
1456
8228
7125
-1869
1008
3435
-5878
6679
-5770
1577
9346
8190
-8310
947
4913
4132
9337
310
-6993
-4249
9083
-8507
7507
-2464
1243
-7591
4826
-3011
-3865
-9851
3918
7591
8377
-2605
-4277
-4262
-9170
-3803
-7583
-8587
7774
8116
5955
9465
-4585
868
-51
-5247
-8821
2956
-3144
6614
801
-9285
-5850
8397
9476
8976
-8262
-4389
9126
2008
-6798
3855
9403
-4723
9593
6585
1475
-7989
7998
-4399
-9873
306
-8582
-4458
-8826
1367
-3353
-7647
-5677
3503
8967
1477
4218
9469
-3774
3694
8446
-2036
9305
3924
9972
8860
-2221
5727
-5863
-6275
-1336
1964
-4264
-6985
7566
-7785
3321
8984
-5891
4495
352
757
3201
1027
-5740
-1480
8856
4831
-2010
-4918
-1475
-7212
3046
-5817
6712
-630
-6957
-5509
-8551
-6468
-1784
-3534
5497
304
-519
3063
-1129
9154
-1601
2981
1
8751
-9910
-6798
-3869
-9298
-1925
-5013
5533
6065
70
-9589
5205
9468
-9054
1917
-4809
-6011
2760
-7008
-6127
7329
-542
9370
-2367
5291
-1215
2857
797
3537
-7810
-9201
2288
-7720
-9647
4771
9334
-1572
9759
1220
-9155
-3819
-2017
6050
-7999
-1071
-5681
-2808
-730
7080
-3463
3143
4409
2347
-1134
8394
-2361
4003
-2397
4788
-2460
-207
5587
6181
-1575
5941
952
-5888
-9279
-2937
5332
-8433
3244
-6685
3969
5246
2244
8289
8790
-8486
1721
-4673
1009
-3870
7675
9875
-9124
-8334
231
-1520
6454
7771
4625
2042
304
9403
-5665
-8743
-6485
-4944
-5328
8847
-7025
7917
8514
6945
3163
758
1586
1953
-1376
-6693
7281
9633
-4211
1308
5861
-6983
2974
-3908
-2151
-572
-9785
-7525
7822
-3128
8230
-7843
-5519
-8255
-6434
-847
-9408
-3459
-2930
5458
9838
6585
-3784
1424
-1461
1192
1083
-7828
-2823
6872
-168
-6962
6242
-7194
-4518
-5909
-1414
-7950
-7082
-3591
-1078
-8852
-5082
-245
9245
-1516
8908
6189
1378
-4021
1647
1216
-7436
4215
8993
-2545
-4593
76
-4021
2585
-6699
5811
1975
5895
4969
3810
9986
-6444
2212
9257
-3683
7486
6757
1235
-2759
6003
6072
-3851
2192
-2550
-1520
-6160
5018
-2603
8055
4011
1204
9815
-9560
7184
2400
-9907
-653
-9273
5988
-5683
4537
5974
-2127
-6899
1583
4190
-9413
-1659
-8223
-2172
-9304
4201
330
2888
8003
8810
3080
3022
-7441
1136
-6615
3764
-2697
-9823
-2700
6055
-9730
6647
6782
6258
-9036
-2328
-1415
-1163
773
-9832
9379
1361
-5139
7509
9189
-4443
1710
-481
8446
-3934
-5318
-2122
9088
-2759
5366
8825
7357
-7331
9003
-5343
8724
5625
-8695
5507
1884
-7731
9531
-9531
-2541
304
6989
-6810
-8335
-8149
7051
7207
-2592
-1238
-6922
-7794
4828
-2240
85
268
1354
-4549
-4555
-1289
-1879
-9200
3369
-3155
6426
1026
8704
-5338
3295
8235
-4869
7106
-1460
-7880
6649
-3443
-9677
3700
-9884
-2268
8814
-6805
-3710
3642
-2693
6375
-9738
5013
8179
-7940
-9923
-3700
-7140
3446
-503
5638
-9176
-5446
-9700
471
-7211
-4569
-2422
-2319
-6096
-9421
591
-5773
4279
707
-1689
3094
254
4602
-6912
3914
-2671
9703
-4721
-4492
-8237
-4644
-1840
-9025
5154
4010
6614
5978
8564
6914
-3550
-8647
8698
380
-4613
8954
959
5978
9533
-4762
-6963
-2155
4684
-356
8799
7773
-6442
-3872
3828
-1163
-2011
5591
546
6149
2918
-4300
159
-468
-8321
-1277
-7201
-1871
-3571
-8503
8509
1816
6803
-4180
-5854
6336
1058
-2817
-9467
-7905
6827
9332
6220
6737
-8187
48
-8073
-198
-8009
2473
-7697
4909
4525
2463
-5558
6204
7538
-6407
-9315
-9681
-8558
5546
-1513
8245
-8634
2633
4581
-1223
6169
5115
872
-652
799
-2908
-7562
2612
7140
-5635
-7586
9131
3190
-8930
392
-2285
3533
1186
-9728
-2577
4779
-9043
-5905
6221
6504
2582
818
4222
-8432
-8248
-7001
4089
3219
3871
9789
-5982
7315
-7773
2983
4455
-7056
1749
-62
6134
2819
6683
-9798
-7296
-2131
-9526
128
-7351
7783
4223
5222
639
-6843
-7607
-5138
-5275
-5855
-5787
5166
7364
4437
4956
7734
1752
7183
717
-7440
6480
-7533
-1150
-1034
5286
-4467
-832
7991
3403
-4006
-5529
2404
-6222
5046
-6022
4417
4555
-3629
9279
5633
-3132
-6507
799
-9416
4282
-4245
8319
-3966
9291
-4612
-1406
5771
-5793
3797
-8911
9494
9330
258
3837
-915
2604
4660
-8511
6382
-3942
-8180
800
-9387
-1809
-3569
6246
1412
-3724
-2954
1996
-9442
-847
-3333
-7055
-1556
2056
-2109
-9433
6263
-8312
8009
2109
-8981
-5381
-7702
-3544
7223
6958
-5702
3606
-6984
-3882
-9242
9982
661
-6459
6228
-7927
-182
9626
4070
-3272
-1220
-9263
-327
3576
-855
7565
496
-4591
9253
-1495
3870
6624
3124
6169
9433
347
3127
-6269
-9695
2496
-151
-8937
2478
-9490
-9043
-4942
8936
775
-5315
-642
7503
3465
-3553
-6471
-2959
5593
-8906
7537
7354
6699
-7606
1224
-324
5518
-6255
-891
-7782
3225
-808
-7477
-4279
9041
9939
4551
5903
-9104
9609
1191
-1977
-5706
-9451
-8122
4111
-3003
-8241
-8847
-7410
-7147
5042
6296
5905
3789
-6128
-8067
-693
-2382
-2606
-2123
-9157
6586
-3247
-7084
1979
-3308
7467
-2118
-6060
3428
9074
-1685
7723
5975
-3455
1834
-7028
-1695
-661
-8086
-2490
-9266
8210
-6585
4523
8435
-8300
-9818
-3947
-906
-1940
-3104
-7968
4813
-188
4011
7857
-6369
-8106
8149
7059
7320
-7184
1134
3295
-639
9321
2620
7666
-4988
886
-4823
-4254
-4551
-5056
6621
-6116
-3355
3156
-63
2091
-8784
3185
4124
2381
9349
-5513
-3410
-7020
-3619
-8909
6391
-9947
-6093
-2474
-299
3268
-3153
8673
-2713
-1789
-441
2464
310
5008
3760
-3069
5244
6757
-9913
-8467
-1151
7655
4718
9325
-3612
4067
-6188
2978
3399
-3454
4069
-209
-7049
4328
3669
-996
-2403
6868
-2323
4884
-4921
3589
-6300
5389
-5051
7460
8673
-9806
4218
5112
-8273
9419
-880
6446
5096
5508
-3135
5260
-5161
6617
-8194
5260
-3592
-8890
-411
6429
114
3538
3297
7792
-5226
4728
1381
-1526
118
6330
-7714
-4857
2876
2856
-9745
4604
-1373
-4273
-2598
-9925
-8764
619
5336
-7573
-2764
3494
7687
3644
4604
-2724
73
-5281
7166
9722
8863
-8060
4451
-3404
-3234
-9079
9278
-4595
-3936
2155
8261
-7329
-6889
-6759
-1601
513
-6684
-4013
-8868
5004
-1586
-5279
-1501
-3899
8365
9455
-270
-5209
-9474
-3104
-9135
9389
-1163
5316
-7663
5603
2589
-8384
-8992
5005
123
5622
7677
-414
5215
-7572
6451
4883
-1585
7583
-112
6829
8656
4739
9282
7022
4194
-988
8165
4721
5909
5382
462
-5254
-2949
2800
6701
9640
768
4062
4646
7243
-3964
-1325
-3171
7603
1103
-6720
2486
9518
7215
8726
2699
5872
3465
1981
-754
-2340
-9006
-6237
-7619
3255
9145
2843
4353
-3804
-8005
1054
-7811
2763
-8532
6835
-3642
-6144
-4490
3187
-8541
2965
6467
3946
2483
3683
2672
-8466
-4093
-3862
3515
5153
150
4509
8916
-1117
-2236
8061
8078
8469
-9390
-9926
-476
-7201
-811
-2656
9634
5548
1201
-8504
-1265
2660
4461
-8445
-7042
-6704
1590
5631
-5170
7497
8121
4697
2650
-5377
-4441
-2082
3506
-325
-7669
1584
-1855
-7059
-1990
7669
-4260
7200
-8635
-8274
-900
2566
9574
7835
-4773
387
5742
-5463
3683
-2668
-9832
4865
-5171
4641
-437
3831
9264
5122
-8251
2770
-8851
-5919
-9293
-706
-2978
-1283
-6685
-885
-4083
-5319
-2807
5017
7247
-3232
-795
8826
7155
-5053
-6636
-2809
-1368
9884
-7944
3461
878
-2029
-6355
142
9445
-4606
9265
-9405
-4173
9972
-111
-798
-1311
3205
8317
959
7886
-4490
-7672
1485
-1370
-2115
-3336
-4214
-815
-3620
2977
7817
-3736
1385
-2370
7142
5709
1275
-6363
5154
3022
-7098
2101
8849
9226
-8009
-1949
-5733
1548
-7280
5226
-4214
-5417
3907
7271
3213
-8208
-9713
5351
-2671
-3333
-5320
-4854
2932
6066
2777
-3574
-1873
-9596
63
-6719
3426
-683
1735
-1372
-1457
78
3031
2811
-8374
2104
-5611
-2588
6687
8296
-8965
-3748
6441
7675
-8396
-6230
-5658
-3716
-1083
7274
8702
8046
-9947
-3171
8450
116
-3537
-1771
5786
8198
6857
-5671
-1724
-112
7140
-3746
-8008
-8470
18
5031
6178
-2595
-8716
2619
-4920
9240
2742
-577
-8124
-8341
-6951
6931
6057
-6898
-6240
859
-429
-3425
9088
-4643
-5227
5945
-3962
-599
-7814
9531
5655
-9470
7413
-4327
5562
3591
3079
3198
-7437
8159
-1210
5305
-2418
666
3316
-3016
-2403
-627
86
-2290
6584
6009
4285
5673
7718
5411
-2030
-6243
-5188
-3492
-6712
-9532
-2961
-9299
-7507
8953
644
1924
2151
-441
84
7293
-5136
4018
-2041
4532
-8998
1909
-9743
-2559
9619
6842
9802
256
2515
7521
-4333
6837
7630
-3168
-6654
-9082
-6348
385
7971
-3855
-4310
-5033
8070
7841
4527
-5494
1486
5743
4876
9445
276
5879
-2294
-3115
9672
-6323
-6273
9474
286
2594
3347
5953
-568
977
9137
-870
-1753
-7211
9515
-7430
-4713
-4795
-2462
9709
9398
8417
-5785
884
512
9091
-3319
7140
1322
740
-5974
-2654
4417
-5895
-3179
-8945
6700
-9832
7009
-7516
-2502
2498
1614
5745
5288
-2519
8316
6927
-962
-7794
6636
-5212
6975
7203
2024
-2513
2646
5057
-5372
-6031
-4203
-1346
-2333
6567
-889
4488
7622
-4189
1009
983
-5353
8507
-6518
2613
604
5122
-9906
-1080
-1599
-4516
-2522
-4963
272
-5547
8592
-7704
1941
1238
7354
2921
1559
-6849
7927
9227
6070
-2962
67
3693
-798
7428
-8972
3849
5935
-5490
-7185
-7108
5984
-7091
-1836
-5615
-5254
5643
-4226
5018
6448
-5634
7315
-5259
1957
1021
7662
9868
524
1941
9095
-3405
8980
-4485
6640
-1818
-7057
7668
8383
5231
8531
-8802
8123
867
-9540
-7361
5253
-4794
8282
-8973
-9776
4731
-8254
3891
5824
3703
-8736
3487
-77
1789
-4572
-4629
4736
-9240
886
1376
-1058
181
-4604
-6322
-8236
-9721
-5124
6239
1147
-4664
8879
-7248
-3106
7161
-9869
-2881
-1756
-8123
7362
-5931
1932
8627
3908
-8144
-3232
5688
-2773
-8496
6449
4465
-768
-8257
-5354
980
-8227
-3589
1260
-3350
-7350
8759
-1662
-8471
-8489
5233
5043
7994
8704
9639
6224
2418
-9940
-1844
-2603
3968
-3636
4165
-3991
-57
5669
-7542
-9240
-5099
-9447
-8241
2234
-7673
-5478
9846
-4671
-6476
8605
19
-4946
6468
-8396
6449
4462
6660
2440
686
-921
2501
5195
6476
-3531
7911
642
-1170
-5793
-7337
-2360
-5033
-6083
-1806
-6922
6151
-3127
-2400
5997
2202
1125
4602
8573
2531
-2578
-9822
-1020
8236
6838
-8580
-1077
-4083
3921
-9530
8746
6743
4733
-4260
-8075
8940
-1597
-434
-9740
2320
4112
-6662
-5177
-9015
939
-9180
-461
8416
1774
-1888
947
9196
-1710
9927
3785
-8519
7699
9060
-6250
-2027
9530
-7504
-8932
615
-1764
-7007
-444
2992
-1089
-3832
-8336
-6977
-4142
-3512
-5992
3149
-2692
-101
1565
5435
4364
-7488
983
-7346
8791
-5232
-9513
2843
-6172
-5762
-9184
9710
-3266
8236
326
1323
7581
6234
-5685
-3507
-7598
-4021
-484
-1740
2467
-123
7762
6128
9776
-673
1563
4140
1840
8898
3147
631
-6333
3634
-6526
-2505
4224
-9358
-6442
-9041
5230
3884
-1366
2812
118
2949
5657
-1128
5280
-4827
3484
-5900
1402
1246
6580
-2469
-9426
-5505
8023
-1234
-6607
-2478
9397
-2940
-8843
9224
908
5381
6218
4466
2692
1449
-5298
-8674
-9387
1172
627
6270
-9956
-7740
7795
3528
-3640
-4450
-8873
-7060
3081
8053
-6213
1104
-3181
-2820
8627
-7432
593
6136
8144
7853
-2131
4363
-1329
6914
-7836
3373
4592
9129
-5455
-4780
1751
-9059
-2520
-4102
821
192
1448
1948
-516
-5471
1
3271
1986
3172
6803
-3035
5741
-2604
9453
3885
-4751
-6326
-5400
272
-9412
-3236
-6355
5181
-4107
-5458
6753
3996
-4517
-9415
9895
2657
777
1343
-5395
-9739
2225
959
-116
-9437
-5869
-3313
-2472
6224
436
-6667
110
2037
-2993
4710
-7690
-2404
7827
-7693
9129
-9928
-6798
2234
4069
-4963
2819
3964
7694
9948
-4693
8652
6561
7532
-389
-3555
8095
94
-516
-8025
-3681
9920
-4692
6429
1958
-1332
-2509
620
6264
-4682
2927
1745
-4609
6129
-6021
5812
-8833
3150
-224
8861
3098
5083
3865
-341
-1032
-6524
6104
-6585
-77
-8060
-8257
6242
-8139
-6597
-977
3819
2071
2866
-5561
-5313
8185
3718
6432
9928
-152
6763
5740
-2633
-87
-8132
-7420
9363
3303
6446
-978
-7729
6274
-8522
-7961
-3803
-6581
-6218
-7561
-8368
-6463
-2186
5451
5609
-9319
6242
-9704
5218
-3688
3081
1498
2512
-156
-6410
9879
6110
-4542
8812
1825
5113
1610
-9152
7385
-2116
8678
5776
4082
8449
5910
2873
-9919
9447
7040
1884
5056
4073
-5522
5353
-709
791
-5214
7141
-6697
982
-9269
9535
-6556
-7459
8347
5270
7654
-43
2470
1391
4193
1148
-6481
-1725
-402
9429
7501
-321
8877
893
7916
285
-5034
-7606
-8010
4257
3185
-3224
-2250
6489
7759
-5167
2376
-8797
-6274
723
6473
7732
7032
-1057
-876
1225
6444
2643
5853
-7606
-1575
-294
-1575
-6346
-9401
-3659
3939
-4435
-1264
5930
6174
-8079
9058
-6076
4762
3169
-4891
-2862
4373
-1165
4213
-2802
-3433
1245
2494
2043
8823
-4710
-5313
1028
-2316
-536
-9266
6109
3118
7685
-7549
-2943
9602
1187
9339
5776
-540
8398
6052
-5777
-2081
-8839
1361
-7708
-3652
-4425
-4157
2915
3172
4689
-5041
-1653
9979
-4002
9375
-5985
5462
6461
-9876
-5068
4146
8927
1989
3748
-3534
-2319
-4124
5927
-7569
8280
-9850
350
5793
-2137
-1005
-7859
-210
1190
1409
9315
-4121
6368
-2338
-7790
8718
-6610
-3775
4180
9851
-7299
9112
3998
7981
-2547
-5902
-5553
1486
-3673
-9626
3917
-5393
6876
-9380
-9599
-8908
-385
8894
882
-9195
303
-3451
-6964
-6977
4212
-8402
-8259
7602
-5825
2273
3805
-6772
-2263
-2197
-8791
5191
-1746
-4343
-3323
4581
-7617
6947
5540
9260
7567
2293
-9648
-6466
-2460
-2414
-9309
7843
4136
-6273
-9133
-5300
-4675
8960
8654
-4148
1234
2459
-920
8971
6615
290
514
-8779
2299
3544
2154
4682
491
-2306
3942
-5590
6340
646
-2056
-6120
4585
-1365
8075
-4927
-1286
8942
-227
391
4255
-1573
6243
-4511
7238
-4677
-5540
3853
1965
1327
1426
-5736
-5129
-6420
8947
5362
1275
-759
9772
-6033
6240
-5932
-2153
825
2703
-4078
5898
7769
-8783
-7977
-1840
5472
-3198
-9245
7313
-5960
-3922
8125
4246
4396
-548
-4328
8660
4323
-747
7607
-3963
6880
-6799
-7839
-9153
9441
-3771
-4954
266
5284
-2680
-7484
3053
-5111
-5461
7565
6713
1341
8320
4026
5381
-9249
-1496
-4021
5147
7956
1652
3807
-1368
7257
-2233
4669
489
968
6831
1336
409
-6940
2734
7027
4697
-9946
9543
-2250
-5056
-5918
-8332
-8343
5423
9988
2036
-2844
7091
-9460
3136
2238
8496
-8860
-7602
-2872
8397
165
8150
-4762
-8867
4981
2926
-2106
4393
-4340
-5079
-910
-7934
-5536
3193
-2990
-5102
4861
-4980
-9679
1201
3408
-6171
-1707
3948
6965
-9469
-1204
4457
-7071
2277
-794
-554
427
4444
-3069
-8240
-2630
4825
6153
3030
6098
-4756
1449
6914
4789
4811
-8188
-350
9831
8485
7203
3239
-7685
-4504
-6461
5632
-7620
2336
-3558
-8339
-5387
5648
1108
1392
93
4391
3152
3815
-783
-695
-6802
-8333
901
4647
4934
-4310
-542
6746
1692
-4358
1584
-1104
5233
251
744
8773
-7765
3124
1109
-1323
4786
2074
-5674
-7754
-6534
771
2989
6618
-5414
8558
-4077
-5864
-9774
3177
8783
5160
8867
-5406
-1742
-3088
236
9842
5808
-4531
-3555
-3448
-5758
-1319
6029
1703
7358
-2833
-6223
8036
-4235
-6405
-1193
8754
-9787
-254
7313
-7511
3882
7539
5666
-982
-949
885
3612
7309
4149
-9800
3504
-43
-4331
9949
2862
-3736
-1370
-1109
4319
-7659
2410
4449
-9623
8175
8044
-4463
6929
4610
1635
4242
7099
-8131
-1867
-883
887
7184
6354
-9149
846
504
-8949
-5650
6813
-6927
-9349
-325
-663
-4366
4918
-6344
-2025
-2672
8105
-5296
-4497
2502
241
8785
-2888
-8124
3027
-5789
-9902
7513
-320
985
4697
-7614
-1811
-8105
2890
-760
-3755
-3944
2313
-3103
2083
8002
2531
-2998
-8341
6858
682
6116
-8438
2538
-1382
1804
1323
5730
32
-9298
6293
-3518
8215
-7675
7468
-735
-8936
-4343
1160
306
1249
7406
6362
9915
-9345
-1554
7917
-462
1800
9576
-3604
-7518
2045
-5690
5020
7015
2466
-3657
-902
8851
-2954
-8257
-4667
-4739
-9579
-7199
878
-8515
-5190
-7961
1791
2412
5797
-1846
2327
6452
6600
244
-7658
-1600
-3827
-4910
-2766
4570
-600
-7745
1585
-8133
-5050
-9317
-9282
1996
8779
-3949
3610
9200
-4795
-5512
-9315
-3633
-7121
2476
8779
8676
6982
-2542
5128
-66
7703
3822
4686
-9772
8912
-8079
4798
-1687
-5824
-7265
180
-4522
9771
898
7475
8550
3301
-2563
7750
8506
-1723
4787
-8774
1157
-6385
-9995
-167
-9402
-6184
-8686
532
-8481
5136
-4781
8099
4049
-6508
-751
-7638
-5980
1984
-1106
-502
1755
6144
-6675
-3343
-555
762
-5593
-5696
5392
5546
-4470
-3451
9162
-8113
2734
9760
-4297
4048
-3356
-6426
-4463
-1785
-8327
5938
1707
922
4652
5727
9259
-6454
-4774
1014
6042
-1449
4024
-4513
5666
4783
-3857
1058
330
1673
3959
-508
-87
-3307
-4396
5616
7094
2248
9191
-7369
6816
7216
8569
-1477
-5509
-427
-9397
-6250
3119
-7819
1116
-4487
-2916
-4860
1000
-7250
9924
3496
160
254
-8479
-5881
6098
1434
-2835
-8298
-2949
-5741
302
-7406
-6758
-2882
9810
8163
1994
-9347
-2264
2597
-5597
7207
4778
5520
-7280
-8138
7012
72
-9035
6936
-6432
1125
-6458
-8558
1597
9640
2876
8762
7694
6279
9373
-2003
5225
8967
1467
1388
7130
-6539
2041
-8782
2410
6445
8425
-6460
-1683
7497
-4597
-4671
-2431
-7280
-7734
-2510
197
-4192
-1068
8146
-8199
8160
3260
9495
4440
2633
-6156
-3983
1600
5312
7405
-4918
5125
-553
-3700
-2464
-7756
-8923
1076
561
8574
2831
5890
-3856
1903
4508
-14
-7899
6669
8918
6599
8470
7078
-140
7965
-2130
8845
-8190
3888
446
7122
-2355
1880
-1401
7092
8181
2487
5688
5610
9916
-3751
4185
2747
8492
6681
-8997
-648
-3333
9456
-3979
-8063
6055
-5509
9015
-4085
-7543
-6762
-5239
-5733
3478
1559
7741
-8877
-6561
-7308
4568
7972
5180
256
-65
5096
2858
-5880
-5805
-2298
-9199
-4802
7054
-6180
-5346
-6924
-4243
7062
-2433
-5228
-7023
-3624
-5638
-5910
-3005
7840
2001
-8912
5316
1793
-6219
-116
-235
8961
6492
9700
4057
-4298
-9828
4604
3404
7325
9803
459
-8855
-9191
-113
-3098
7871
7454
-1973
7201
-9817
-1259
7643
-2822
-3418
-355
-1733
8250
-8562
2048
-1866
-2445
-2639
-9022
-6392
7770
-3319
-6220
2374
6437
-8894
-1471
-3104
8603
-661
3135
-8142
-6438
590
-115
7115
-2875
8626
4759
4303
-8440
-5596
8922
9810
-4158
970
-5704
3397
4683
-8373
7005
2453
-1692
7138
-5172
-5255
4596
-291
-2006
3199
9048
-8871
5057
8963
-1929
-8706
6078
5196
6273
-2811
-4148
7833
1593
-5226
3996
3787
2097
4644
-6463
-3220
6271
6894
9234
-5421
4032
-9586
-4323
-1372
123
23
8180
-4476
-2496
-411
-5513
5576
884
6917
-2876
-2843
-5893
2976
-8658
2052
4103
1690
-4160
-3800
-3665
-623
2980
-7394
-3729
-1434
-6462
6656
-1020
-4433
-8364
5456
5590
6168
-9020
-6906
-4242
-8181
5022
2994
5088
-7853
6503
9195
1475
4197
-2400
-4422
-4112
-208
-1870
2223
9169
7463
1181
-8208
-3971
4719
4800
5010
-9714
2789
466
2228
-1043
-2202
5323
4715
-383
-3303
-5939
-5295
-4804
-9436
-9747
6672
4762
-5795
8602
-9350
3997
-6915
-775
-482
-9452
-9594
-2338
-3423
1478
-7537
7939
-1884
5252
-5243
-9655
-9439
2555
2020
5277
8524
8717
5690
9582
-6086
6255
6187
6938
1017
-9608
1892
-1981
741
4977
3596
-9741
5525
4002
-5727
8455
-8168
-3264
6394
-51
8340
7504
294
8902
59
-7686
531
-5064
7383
-3779
-9130
-8703
8828
7057
4587
-3803
3801
-3520
568
-9106
-8543
-5836
-8847
3335
4519
-4574
1790
6351
-1485
-5464
-7348
-6793
-7960
2946
8461
-1548
1612
-4656
3388
-1004
-2082
610
-3355
-3254
-5981
-8767
-704
7820
-5935
9864
5066
-4478
-5971
6219
5209
8548
7997
-6649
1251
-7136
-2112
3904
-3928
-72
-6798
-9115
4732
4815
-3770
-5528
-9837
4148
5082
-6840
7246
9101
-9255
-3458
3273
-5190
-3593
-1661
-3315
436
-9090
-8106
-4664
5260
-4754
2939
8124
-514
-3157
-9452
5766
-3602
-8566
499
-8787
-5984
4971
7728
8164
-3594
-9112
5410
-4493
-8366
8305
5133
-3556
-5288
-6528
-519
1500
-9265
1376
3188
5995
2974
-3873
471
-7540
-677
1020
8226
2073
-1194
-1275
3286
2822
-9951
-2634
-2662
-3545
-5394
9100
-1686
-7408
7405
-6553
-4611
8469
-6728
4870
-3679
-5993
-3754
9509
6354
9220
-8011
-3175
8032
-2336
4197
6259
9737
9355
-5016
-625
-1471
-4967
3093
5867
-2160
7699
1320
6155
-9708
-1275
9602
-7967
-6453
9226
6903
-132
-6767
9502
-4270
5939
5074
-2281
9117
3107
1735
3314
-634
1472
-978
702
7199
7551
2088
292
-229
9928
-2009
-8909
2435
-5365
-3832
2038
-3332
-285
1264
-6428
5936
850
9426
-8334
-6859
4500
-4263
-7742
-2393
7472
1925
3325
-1056
-9053
-5972
-3857
4850
6116
6435
-5379
2396
-9222
-4288
-5168
-4586
1881
3222
-1566
7948
-9162
-1642
3884
-1960
-2216
1902
1182
-7715
7639
-208
-3756
5111
-8283
9570
-9593
9016
-6402
-7098
3867
6066
5689
4840
-5186
6468
-9447
-354
8234
-1214
9220
-3332
-6914
-9941
5027
3323
-5549
9163
-4775
5633
-8552
-7135
-4574
-2307
7976
-6505
-2737
8384
8864
-2787
7638
2731
-6721
3328
-2429
-5555
-204
-5524
444
-1970
-386
-336
1050
-947
-3925
-7571
-7624
527
-8407
-6047
-7488
9393
-3182
-5710
-2914
-8853
-2214
701
5883
-3350
7914
3521
5733
7545
-3151
9656
8343
6645
-9515
-1213
-8973
-3549
8451
-1570
5504
-9121
-2789
4232
-2242
-1196
8186
270
-5450
-4996
4561
1636
-7497
8699
8690
8386
-8299
2956
1908
3786
-3146
5109
-206
-4803
-1893
279
3984
-4514
3083
-1213
3916
-5061
-3982
-8872
9172
3776
-3716
7358
-5953
834
8714
4960
8823
7570
11
3865
5956
-1936
-3179
-5784
8202
27
9326
-2004
1576
-6215
4628
-8088
-729
-2289
700
9540
-998
3070
7020
-1826
-3153
-6696
-8116
-2754
491
6951
-7794
-4334
4521
-1431
9531
-3171
6633
-7296
1046
4835
2732
-3276
9183
-5692
509
3811
-3779
6132
7874
3273
5672
-3123
-3657
2692
1403
-458
5997
3288
6788
-7160
-3409
8994
-1494
-8888
-6085
-5611
-2059
-9452
-2907
5339
1735
6177
8415
919
-9514
-4724
-8918
-6941
-8591
8957
2684
7081
-7814
9027
-3874
3589
-5078
8475
-3123
-8290
-8685
3468
7057
-3827
932
-9028
562
5226
7873
4007
-3083
-392
185
-4667
6879
-2977
-3039
4314
82
-1630
3271
-7234
-8196
1809
8145
-2070
-4602
-6933
-3595
-1372
-5222
-5928
8448
8187
245
-619
9159
7159
-9041
3384
1166
-2124
9345
-8649
3209
6224
-1626
-9829
538
8456
-5107
-9839
7574
-6951
1970
2072
979
3721
1491
3736
-7651
2621
7808
-9203
808
-5595
-3470
-32
-8436
-2511
-6648
2731
5366
-7303
4082
-5073
5274
8809
-8550
-7836
3617
-7304
8678
1192
-4255
-3000
9616
6725
-9279
1107
-3187
9422
-6271
-9026
-9780
4537
-4621
-6898
-9143
-6704
592
-9438
6027
-4042
-6741
-3539
-2763
4885
-4730
-1312
3402
5240
1384
2080
-3568
7129
9080
-7600
206
6154
3507
3372
5576
7236
4346
2148
1774
6077
5251
2631
9373
-7805
3193
5400
-5495
2805
8214
1742
-5958
9836
6782
7444
5076
-5482
-476
7860
8000
-5043
-9740
-1794
-8889
3768
7930
3039
-2644
2276
-4812
9130
-1646
6791
-1886
-2273
5338
7659
9480
9843
-3184
4046
1585
859
3882
-5280
-1697
-4689
-762
4180
-6829
-2762
5489
9784
1797
6600
-96
-273
-4009
7260
-7996
-2469
6391
-3290
-9326
-9143
789
6012
8516
269
5855
-8315
-5685
-6207
2544
4550
-1487
7199
9861
4103
-2269
-6968
-8658
-6780
9168
-509
6172
-928
9218
8516
-3667
7574
-3953
9076
-9364
-3278
9933
1426
-7266
4801
-8305
4942
6486
-7637
5087
-4618
6913
-6400
8934
6774
4055
-6983
6158
1749
-3762
5327
-8760
8762
-9249
-9541
7278
-2916
4385
9678
-3840
5022
-3600
-7555
-3552
-4514
7247
-5505
6780
85
-3142
1867
1820
-9877
1819
-2894
6897
-4125
123
-592
7624
2713
-8913
8865
1476
-8162
5676
-4894
-1077
-3587
-5216
1435
-8565
-2464
3881
-5765
-625
-2520
-1269
-3845
3917
1941
8023
-4263
2065
-3806
-805
-1038
2069
9319
4722
-3954
2032
5809
-8737
9860
7648
6939
-5033
-7077
-6648
-3897
4358
-8860
3640
-1761
-4625
9367
5719
4106
-4478
-363
-3952
9897
1726
4465
-7556
-9078
-6573
4513
6593
4502
6911
-1375
311
8174
-5162
-5689
5113
-3843
-2766
4818
-1388
-8407
2310
8604
-3816
7685
7971
8256
-1856
9846
-2107
544
9743
5971
-4991
8539
3245
-5212
3053
-162
9290
-36
4816
-4046
-5509
9654
265
9604
-7837
7500
774
775
5445
-6916
-620
-8371
7122
-2649
9885
-4734
-2803
-5870
2162
-6707
6454
7171
-8168
-301
8311
1237
9538
7602
7554
706
9908
-7955
-3288
173
8001
-1125
-5975
-4872
6002
9470
-5436
-4618
-8900
-8314
-914
7337
-6696
2635
-8532
5466
2280
7922
-1011
465
-6027
-2699
8054
9863
-8745
5608
569
-8837
4005
7281
-2312
-1641
-7492
1714
-161
4863
1184
4403
-9755
-1364
6090
-4317
-4026
5746
4671
-6206
1213
-3049
8068
6554
3768
8393
-6145
1823
8257
-8538
-6217
-4822
8977
4141
8812
-3334
-7500
-8680
8380
2339
6183
-4084
-6906
2781
905
9184
4816
6879
4931
-513
7025
-7504
2791
1445
9050
-3441
-162
9258
8382
-1905
7072
-7834
3274
6050
6307
2086
9068
5159
-242
3800
-6150
-7706
9716
-3056
1427
-3027
-7519
-3757
-6148
3764
5731
7229
2612
-1478
-1326
1662
5081
8513
-2728
-184
-3392
-5655
-1666
6234
6747
-9007
-5328
5815
6152
4431
-385
6354
3077
-4317
-6702
-5496
2657
-7869
747
2861
5895
-7170
91
-5141
-2296
5117
6522
9138
3630
-9854
-1046
6591
-9157
3640
-823
7590
4633
3850
3405
-2863
-5367
9372
-6509
7710
-8592
-6859
8566
417
-8375
-4335
9630
3872
-1504
-3927
8732
6200
-8809
1606
1690
1173
1752
6996
-2236
2596
636
3294
186
-4731
-2856
9944
2406
-1871
5668
2249
-4161
3428
1743
-5595
-6155
3368
70
9828
-6408
4918
-4099
-7676
-2529
-2908
3930
9161
4618
-4317
6158
8734
4631
-3206
2028
-5183
-1584
9172
-8887
7174
-6347
3134
-4224
-508
-3438
3871
249
-3240
-6409
6672
-3412
-2817
-2058
2489
-492
5413
5934
-6562
927
-3096
-4527
-6563
-4362
-9896
-3417
7667
-8726
1351
3191
8739
-1474
6845
1873
654
-7311
8436
-5475
-709
-4804
-1884
-4037
-1864
5299
257
6977
-5193
-7977
2911
-5402
2950
9815
71
2739
-8194
-3472
9322
9473
-5846
-2974
-984
-7107
5552
-4139
4767
-3794
-5097
3203
731
4194
4751
8847
6509
9239
498
-3234
6216
5306
-1211
-4520
6256
8091
-8353
-7321
-2818
-6547
-793
-7143
9278
3361
-117
-1705
6255
-8213
508
-2626
-2007
5411
6929
5076
-395
1680
275
-7534
-2729
-9227
-767
-6513
2431
4374
-4681
-1313
-1182
-3033
1367
2352
-3228
-9426
5209
-3949
288
-4908
698
-7105
-3121
-8794
269
1224
6618
-2802
-7348
-7425
5230
2927
-4958
-7499
3701
627
-7660
-7516
-8647
-2340
1172
-3477
979
-7461
8876
7751
9465
4085
-9846
-3895
5530
852
-1000
8761
2059
9269
-3662
-4971
-3533
-1010
-6044
8049
-8082
-4650
-9450
1971
5977
-7109
4455
3683
-3097
-8021
-9794
7882
-9130
9082
5633
6688
-480
5788
-7207
-8598
-7008
-1854
-9837
5051
-6233
-3499
6432
235
1844
-9611
-5364
3762
-4261
-4813
-7915
8069
-5570
2892
1752
1333
4872
-1690
-785
2094
-6255
-8800
-1218
-383
3340
-2072
1019
6333
6074
-2466
-2264
9841
388
-5831
-3572
-7768
-9090
1065
2346
-6999
2604
4431
-8930
7034
-6325
-826
-5281
8547
7485
3934
-3006
7582
1486
5776
-2801
-5173
-6296
8218
7512
6130
-7896
-8400
5972
2492
-4231
8752
1076
-6969
-183
-6578
-3967
-7579
4205
-6545
5807
7881
2630
-9474
2780
-3533
812
9774
-5951
-7701
5551
-2400
-6522
5607
-4182
7342
1738
-5726
8942
-5938
6767
-8936
-7186
-2157
-5905
-1016
1266
-3520
-2243
-8177
-64
-6435
9704
8918
-9557
2485
-4615
1256
-1389
-4214
-93
-9486
3386
-263
6122
5556
-2921
-5788
9830
-3979
-1726
2949
-6563
-2560
-9207
-6115
6424
-1589
365
-5818
-3414
6653
-5901
-3709
5571
-5458
5128
7308
5798
-6261
9446
-7943
-5746
-816
1794
6728
-8908
8873
-9060
-9077
-8753
-4434
224
-8964
3006
1017
-5079
-569
5780
1639
-35
-7633
-1708
4064
-4990
-9784
8606
6490
3876
757
-9771
-325
-834
-9165
8859
-9039
3915
9952
6186
4855
7227
3785
6773
-2549
4822
-220
4821
9743
5563
-3047
-2266
-4472
-4328
2379
9592
-2966
2595
4550
-6476
-7177
-8341
-9894
2498
826
-9059
-2290
1787
4857
-5986
-5675
-3936
-8759
8111
-7162
-4956
2933
2618
9865
-972
-5467
-6829
6763
61
-1157
-4506
-3995
5878
8089
6907
9402
7264
8567
5860
-3885
-4255
6802
177
3884
-1989
4191
8209
4075
1784
2672
3265
6828
-4395
-7765
3046
986
-3232
6217
-5899
6829
-8588
-405
9186
3642
-5964
6094
-603
7652
1013
-4743
-6233
6758
-7941
3944
642
-3578
-1865
-4797
-9502
6271
7876
115
3100
9833
2351
-3854
819
9119
8715
1272
2301
6479
-9133
1487
122
-8745
-6067
9519
8908
4946
-5224
-7325
1704
-6812
2972
8698
-390
7459
-9746
-3540
3731
8130
6576
-3169
7963
-1073
-671
-4865
-5602
-5604
6407
6699
-9125
3627
-1813
997
4882
2120
-3132
3790
-2933
-2003
2818
5123
1185
-4210
174
7147
-6751
428
9960
3332
-5090
2888
6515
9225
-8185
-7804
-5640
-7435
-3408
7120
9265
-6180
747
-2548
4817
-8019
5924
8038
2124
9343
-3965
-5058
819
7220
-2916
-9007
719
-3315
-2227
679
-9982
2683
-6433
6533
1908
-8266
8730
2621
-5700
-4678
-259
-6435
-4506
6840
-2631
6664
5173
-6707
4702
-2703
8989
-9263
-1409
-192
4309
5675
801
-8620
-7639
4926
2060
-7621
-2391
1979
5264
5869
3714
3994
-1510
4366
5669
4583
4283
-8837
-2225
-8348
7827
-7051
-8703
-1119
-3402
-9714
-382
5190
94
-9721
865
7247
-8340
-422
2173
3720
1957
9782
-7949
-2778
2004
5765
7568
-9506
-3517
3237
1430
-9234
753
9205
8770
-5068
8506
-9932
3814
-4895
6706
9784
-9705
-3199
-9936
-2488
-9600
-8276
7091
2574
1796
-4600
-1292
3847
-1026
-9288
-4035
-3457
7559
2448
6132
-4659
-433
-6763
-9102
-1663
-1830
9405
-5243
-8016
-5490
-8536
-8232
-8843
-5383
8184
-1331
-4983
9908
-7888
3943
-1944
-2487
-7348
8256
6487
9716
-5779
-6970
3627
3021
5515
5320
-7412
8752
6219
-2722
-3078
5624
2035
-4742
6486
3499
-2973
7643
8116
-4789
-7336
9486
-8528
-5223
3429
-472
2290
2433
-5864
-1223
-1498
-1643
-1840
8481
7731
-6325
3802
6671
-7573
21
-6051
-650
-8003
5985
960
8483
-4164
7987
6126
-9695
9551
8790
9791
7375
9919
3220
-6745
2209
-7994
-2608
7339
508
2101
-4501
-1011
-168
-826
-7209
-7144
-2047
-836
-3195
3655
1161
9142
-5384
-356
-8669
8955
-7878
-8364
8506
7265
-8573
2233
7184
999
5489
-4254
-643
-7119
-6915
9865
4982
-1416
-4793
-8833
4110
-2002
-5977
8415
3515
-2820
2071
-5324
-7325
3039
673
-5994
1994
2795
-4358
-3147
-3588
-6579
9086
9949
772
927
-4305
-9870
3808
-1220
6347
-4857
3716
-8446
-3690
-5822
-4095
-3315
-7407
9420
3865
1016
-9552
2892
-9593
1121
6898
-1246
-9731
8892
5607
-3319
8665
1045
-3370
-562
-8027
2325
-4080
5781
7457
8619
7276
1173
-9826
9938
1703
-7569
-3377
649
8203
6841
8017
8651
-267
8425
-227
-3368
-2821
42
-8124
9138
6723
-9458
183
9706
-3668
-1492
2031
-1396
-9358
-4159
-2777
7918
7014
-6251
7857
-4930
-7468
-5520
5719
-9265
7673
88
9387
-2593
-5135
-840
391
2044
5554
2267
-2466
2277
-839
7718
-1665
1845
-3774
-9633
-9551
-6780
-3792
-5975
-8861
9574
-2226
8996
-9004
-3341
9828
3067
-2606
3854
-6844
-3219
-8739
-1979
2293
-1996
6418
-2153
6623
-6048
6477
-4215
8022
-5188
7630
-9399
-4821
4432
-6179
-2261
8457
-5040
-6334
-7417
-9692
-5338
-758
6489
7730
6637
343
-9114
9770
-2044
-4741
2064
2312
-8323
9911
-1065
-4370
6388
1072
-9996
-8799
-4945
-9395
-7268
9487
-5573
-3176
7944
-4261
490
6879
-3952
5152
-7526
8889
2882
9111
-4416
120
5233
3540
5380
-2703
-4148
3409
-6439
1139
5391
9949
-7788
5396
7502
-2733
6001
-9765
-3246
6780
-6589
-8950
-7480
3901
4281
-5080
-947
6755
-6191
8288
2218
-607
-5240
-2548
9285
6492
4749
-8511
-3746
4662
2628
-8355
4612
4840
7041
-1534
-7893
-605
-4947
-4787
-3825
-1536
-7385
-4953
-7635
6897
-3681
-2229
3652
128
-7589
-4129
5873
-2829
3323
1510
-9984
-5576
2999
-3730
9087
-8020
-2085
51
6820
-8691
8517
5280
-2944
9923
6845
-417
-1613
9461
4631
753
6358
-9050
4876
10
-2569
7287
2233
9656
-9190
-8092
-2481
-9174
-3667
6870
-6552
-8228
8850
-2284
1823
2023
-975
-3308
-6345
6081
-3385
-9500
-4336
1355
6313
6647
8460
-977
3950
3336
5386
7733
-3025
-2381
7389
-2215
-472
-5092
-5036
2213
8131
-5236
3985
6981
2480
-7840
-996
-8495
-4796
-989
3938
1820
-488
5955
9527
-7823
2602
7987
1201
-3448
1323
-3413
-5715
8298
4206
8027
-7565
-9914
9287
-6249
2299
7418
-1484
-7364
752
-9004
-5204
6108
8854
1
-4880
2792
8173
984
-4901
7700
3161
7702
2039
-5638
-9394
-6638
949
-8756
8012
-8492
5623
-9553
-8406
1262
-5801
3894
-4967
-933
6530
5785
63
7679
1893
-4731
-5968
7013
4414
8557
-2003
9513
2609
7511
3567
-5352
-8127
4174
-1990
-825
1770
-7626
683
-6255
-7179
-1371
5007
-6628
8875
-9960
2439
5406
2177
8855
-563
-5929
-5876
3469
7436
8538
-1622
-8214
4404
-9013
9297
-2029
-4365
7522
8497
-3
-3303
267
2371
3732
364
1544
-7638
-8276
1269
7589
-8236
-6292
2995
3942
8915
8784
4365
9392
-1395
1801
4282
6983
3587
-1314
7970
-764
6658
9957
-3241
5155
-46
-192
-8225
8677
9893
2139
222
-7745
215
-8509
6196
1980
-8449
-808
-7726
6819
-5672
6639
6211
2934
-5208
-3155
-83
8380
5532
-5760
-6032
2190
-5803
727
-6303
504
-9464
-4528
-4467
-9571
3964
2107
9036
-5821
3598
5232
2511
1502
-9224
1137
-5327
-4895
-2224
7236
4391
-1079
-5919
-5692
-6347
9613
-1452
-2379
-1845
2746
8349
-1795
9602
5237
29
-4865
2018
-6007
7243
-2594
-5475
-2807
8990
3388
5047
9767
-5474
9720
-8776
-1346
6956
5615
3927
7390
6275
7580
3355
-5176
-4798
-8489
3922
-6449
-284
-124
5140
9745
5011
-2842
-9909
-1394
916
-9032
5800
-94
708
-2801
-3975
1586
-3080
-2751
6593
-9772
9216
520
3970
1844
-1899
-2674
6668
3303
-4811
-3058
3206
1257
3170
-5302
-2646
-1819
-1792
-2555
3140
9124
-5235
-1060
-970
1826
6139
5056
-6588
9411
8657
-9995
5992
4226
-3122
-38
-3930
4979
3640
9090
-5366
8829
-3968
7840
86
9202
-7462
7441
-6265
-2902
-8762
6875
-3778
-7644
-7833
5252
4182
4659
-3340
3946
4070
-8330
3952
-3586
5896
-9170
2729
-8034
2161
-3631
-8944
6795
-4801
-6560
987
1637
8994
-123
-922
-7271
6975
-3331
5957
-6803
-975
8124
4801
-6793
2783
-8538
3505
-6794
-6868
-6191
-4028
5380
-9009
8701
7346
3152
-4929
4754
-53
-3378
8194
-9066
8259
7188
811
-2662
6269
-5862
359
2226
-2665
9384
-3297
-7863
8943
9486
9951
2448
9044
9435
6258
-4983
4815
7249
-6282
2161
-3246
-4859
-3085
3053
1763
-8539
3988
23
8649
-8849
3713
4918
-4710
-5928
-6503
-1023
9808
200
1114
8751
-3962
-2583
-2449
-4917
-3148
-9839
-3548
-8333
7411
170
180
-9483
1664
3447
3570
-6573
4908
-6090
-198
-91
-4938
9867
-8820
-3296
-6061
-5323
2033
-9901
1229
9500
8850
7267
-3083
-7246
8702
122
-7085
-4846
-1859
6678
1677
8322
7195
-6659
-1879
766
-6880
9382
4676
2923
-4357
6090
2790
-3177
9146
3082
-2148
1180
3181
9081
680
-1616
2701
7597
1138
1403
-5929
4053
2910
2213
732
-5413
-3113
-2073
-2072
1360
8693
1048
742
-278
-9677
6386
-4188
3114
9561
-5041
-7452
-2586
6139
5729
-7153
-6829
-5887
5548
7120
5251
-6696
-8808
-4343
6214
3405
6389
-9199
-9708
-9332
-4919
1652
5714
2481
8747
-4564
2805
1485
-2400
-7729
1046
2559
-5181
8460
-4950
-9452
7660
-1779
-8986
3208
-4658
2617
6512
-7114
8274
-922
6291
1015
-121
2935
-1964
1312
-9061
-6250
-6206
6038
-4462
6599
-2477
3138
5222
8570
-7950
-9959
3382
-6548
6941
1042
-1974
4307
-5749
-280
-3075
7115
2606
-4801
-3806
-1103
2567
2425
8184
-9397
-6262
5475
-5647
-2468
1514
-3757
-9517
9037
5733
5705
7607
4135
2098
990
7588
-4609
-7968
-4386
9699
-7365
1686
-3376
6103
-5708
-1825
-7703
-459
-9258
1074
-2275
7697
4812
-6800
8402
-7656
4714
-5355
9179
104
6731
1236
-2289
866
-6666
5053
-1546
-1274
3438
420
-5223
2425
-7894
1401
-1472
-7250
5928
-2823
2291
3023
8252
6368
720
3064
9569
-877
1761
635
120
940
7091
-3149
-7823
-8845
7718
-8137
6208
-7476
-3059
-4002
-703
1718
8424
-2245
9471
-3048
506
5400
4130
9149
-1577
2382
5518
5495
-8202
1439
-9030
3559
8426
1091
-9148
5518
4294
9381
6673
-1636
-8756
-767
889
-1814
5232
6538
6256
8
-5707
5728
3312
1151
-2520
-2558
301
2255
6176
-4181
-2250
4327
3610
-1279
-2114
2036
6164
-1262
-2446
-3190
-1881
-9421
5175
-4284
-3835
-7584
254
-8603
8954
-3490
-2243
9599
8590
-8931
751
-3930
-5136
-8948
8325
7392
-6777
-7572
1719
6833
-2499
9606
-4779
-9983
-5304
-872
-3173
-832
-293
8354
4884
5872
-9230
-8510
3621
6076
-2000
-8622
2028
-3409
8800
-7221
-987
-6336
-9817
-6309
7408
9758
-3881
-872
2943
3620
-4914
8164
-11
-218
-2708
6816
5302
7000
5171
-3462
-776
2293
-1972
9198
-5278
6029
-9424
6750
8972
5728
5881
-5663
5744
6064
-1972
3153
2174
499
-7719
-4883
-9529
-2633
-6719
460
3501
574
-2723
-4844
-6074
8800
1694
-498
-2555
9723
-1300
-1481
5752
-4371
-4731
1076
-8643
7502
5413
7102
3566
9794
255
-7908
293
-1112
-2791
765
2607
491
7577
-7540
7417
-5146
-2384
-8657
-9994
9311
845
-6196
9034
5898
2323
1138
-8473
7593
8566
-7116
1447
331
6338
-4986
125
-7055
-6542
6771
1833
668
-6112
-9208
-8841
-8535
-6747
8576
-7328
-2779
6271
9030
-3468
-6532
-7166
-8082
9366
5158
-592
-9107
-897
-2026
-9870
-9450
8306
6468
-8084
-5217
9414
-4625
-8446
-2401
6043
-4558
-1608
3554
-6740
-2003
-1518
-4068
5218
-8895
-5038
8103
-5427
-2203
-9979
-9708
9307
-570
